10, 100, class 1, 0.0392, 0.9895, 0.9586
10, 100, class 2, 0.0495, 0.9804, 0.9534
10, 100, class 3, 0.0903, 0.9681, 0.9118
10, 100, class 4, 0.0807, 0.9775, 0.9694
10, 100, class 5, 0.0684, 0.9749, 0.9214
10, 120, class 1, 0.0485, 0.9870, 0.9088
10, 120, class 2, 0.0579, 0.9847, 0.8877
10, 120, class 3, 0.0521, 0.9789, 0.9553
10, 120, class 4, 0.0521, 0.9828, 0.9597
10, 120, class 5, 0.0713, 0.9718, 0.9496
10, 140, class 1, 0.0505, 0.9840, 0.9204
10, 140, class 2, 0.0510, 0.9799, 0.9407
10, 140, class 3, 0.0632, 0.9723, 0.9441
10, 140, class 4, 0.0608, 0.9788, 0.9345
10, 140, class 5, 0.0622, 0.9742, 0.9268
10, 160, class 1, 0.0505, 0.9867, 0.9236
10, 160, class 2, 0.0554, 0.9859, 0.9076
10, 160, class 3, 0.0529, 0.9845, 0.9188
10, 160, class 4, 0.0786, 0.9872, 0.9018
10, 160, class 5, 0.0687, 0.9753, 0.8388
10, 180, class 1, 0.0510, 0.9852, 0.9190
10, 180, class 2, 0.0466, 0.9850, 0.9324
10, 180, class 3, 0.0591, 0.9844, 0.9240
10, 180, class 4, 0.0510, 0.9789, 0.9232
10, 180, class 5, 0.0807, 0.9702, 0.9506
10, 200, class 1, 0.0480, 0.9870, 0.9339
10, 200, class 2, 0.0587, 0.9848, 0.9455
10, 200, class 3, 0.0610, 0.9792, 0.9177
10, 200, class 4, 0.0836, 0.9727, 0.9457
10, 200, class 5, 0.0818, 0.9802, 0.9373
20, 100, class 1, 0.0362, 0.9892, 0.9445
20, 100, class 2, 0.0572, 0.9805, 0.9169
20, 100, class 3, 0.0647, 0.9822, 0.9434
20, 100, class 4, 0.0541, 0.9806, 0.9384
20, 100, class 5, 0.0744, 0.9724, 0.9286
20, 120, class 1, 0.0405, 0.9877, 0.9221
20, 120, class 2, 0.0429, 0.9867, 0.9386
20, 120, class 3, 0.0799, 0.9786, 0.9298
20, 120, class 4, 0.0677, 0.9723, 0.9162
20, 120, class 5, 0.0729, 0.9745, 0.9312
20, 140, class 1, 0.0525, 0.9864, 0.8937
20, 140, class 2, 0.0831, 0.9839, 0.8302
20, 140, class 3, 0.0693, 0.9828, 0.9308
20, 140, class 4, 0.0599, 0.9848, 0.9590
20, 140, class 5, 0.0592, 0.9792, 0.9248
20, 160, class 1, 0.0493, 0.9873, 0.9343
20, 160, class 2, 0.0629, 0.9831, 0.9654
20, 160, class 3, 0.0471, 0.9839, 0.9397
20, 160, class 4, 0.0567, 0.9818, 0.9435
20, 160, class 5, 0.0794, 0.9656, 0.9038
20, 180, class 1, 0.0446, 0.9869, 0.9275
20, 180, class 3, 0.0468, 0.9869, 0.9179
20, 180, class 4, 0.0549, 0.9844, 0.9607
20, 180, class 5, 0.0995, 0.9638, 0.9060
20, 200, class 1, 0.0473, 0.9874, 0.9081
20, 200, class 2, 0.0547, 0.9864, 0.9114
20, 200, class 3, 0.0549, 0.9823, 0.9238
20, 200, class 4, 0.0917, 0.9807, 0.9442
20, 200, class 5, 0.0792, 0.9754, 0.9543
30, 100, class 1, 0.0555, 0.9846, 0.9239
30, 100, class 2, 0.0454, 0.9892, 0.9176
30, 100, class 3, 0.0637, 0.9858, 0.9540
30, 100, class 4, 0.0619, 0.9878, 0.9537
30, 100, class 5, 0.0524, 0.9816, 0.9522
30, 120, class 1, 0.0379, 0.9877, 0.9536
30, 120, class 2, 0.0535, 0.9853, 0.8854
30, 120, class 3, 0.0543, 0.9844, 0.9282
30, 120, class 5, 0.0745, 0.9724, 0.5961
30, 140, class 1, 0.0402, 0.9902, 0.9268
30, 140, class 2, 0.0705, 0.9830, 0.8772
30, 140, class 3, 0.0615, 0.9830, 0.8873
30, 140, class 4, 0.0761, 0.9858, 0.9206
30, 140, class 5, 0.0706, 0.9809, 0.9260
30, 160, class 1, 0.0383, 0.9890, 0.9453
30, 160, class 2, 0.0611, 0.9819, 0.9091
30, 160, class 3, 0.0558, 0.9784, 0.9129
30, 160, class 4, 0.0603, 0.9840, 0.9014
30, 160, class 5, 0.0703, 0.9827, 0.9170
30, 180, class 1, 0.0605, 0.9863, 0.8880
30, 180, class 2, 0.0560, 0.9747, 0.9185
30, 180, class 3, 0.0495, 0.9866, 0.9298
30, 180, class 4, 0.0738, 0.9840, 0.9437
30, 180, class 5, 0.0591, 0.9827, 0.9339
30, 200, class 1, 0.0468, 0.9882, 0.9529
30, 200, class 2, 0.0508, 0.9855, 0.9307
30, 200, class 3, 0.0525, 0.9850, 0.9217
30, 200, class 4, 0.0515, 0.9829, 0.9163
30, 200, class 5, 0.0614, 0.9851, 0.9184
40, 100, class 1, 0.0452, 0.9879, 0.9159
40, 100, class 2, 0.0518, 0.9860, 0.9041
40, 100, class 3, 0.0521, 0.9851, 0.9322
40, 100, class 4, 0.0637, 0.9856, 0.8830
40, 100, class 5, 0.0520, 0.9864, 0.9458
40, 120, class 1, 0.0467, 0.9869, 0.9179
40, 120, class 2, 0.0476, 0.9858, 0.9370
40, 120, class 3, 0.0649, 0.9827, 0.9161
40, 120, class 4, 0.0565, 0.9850, 0.9230
40, 120, class 5, 0.0696, 0.9847, 0.9426
40, 140, class 1, 0.0617, 0.9836, 0.8821
40, 140, class 2, 0.0561, 0.9837, 0.9124
40, 140, class 3, 0.0632, 0.9856, 0.8900
40, 140, class 4, 0.0642, 0.9859, 0.8881
40, 140, class 5, 0.0687, 0.9776, 0.9181
40, 160, class 1, 0.0503, 0.9884, 0.9042
40, 160, class 2, 0.0496, 0.9862, 0.9117
40, 160, class 3, 0.0577, 0.9872, 0.9224
40, 160, class 4, 0.0643, 0.9699, 0.9030
40, 160, class 5, 0.0864, 0.9772, 0.9071
40, 180, class 1, 0.0467, 0.9858, 0.9108
40, 180, class 2, 0.0546, 0.9837, 0.8210
40, 180, class 3, 0.0753, 0.9813, 0.8850
40, 180, class 4, 0.0533, 0.9845, 0.9812
40, 180, class 5, 0.0647, 0.9795, 0.9277
40, 200, class 1, 0.0523, 0.9868, 0.8947
40, 200, class 2, 0.0531, 0.9871, 0.8579
40, 200, class 3, 0.0550, 0.9823, 0.9432
40, 200, class 4, 0.0648, 0.9862, 0.9091
40, 200, class 5, 0.0685, 0.9818, 0.9284
50, 100, class 2, 0.0471, 0.9862, 0.6662
50, 100, class 3, 0.0517, 0.9862, 0.9587
50, 100, class 4, 0.0376, 0.9898, 0.9614
50, 100, class 5, 0.0691, 0.9863, 0.8164
50, 120, class 1, 0.0390, 0.9904, 0.9482
50, 120, class 2, 0.0617, 0.9856, 0.9026
50, 120, class 3, 0.0551, 0.9856, 0.9389
50, 120, class 4, 0.0620, 0.9851, 0.9316
50, 120, class 5, 0.0687, 0.9705, 0.9074
50, 140, class 1, 0.0501, 0.9859, 0.9320
50, 140, class 2, 0.0473, 0.9858, 0.9375
50, 140, class 3, 0.0555, 0.9860, 0.9278
50, 140, class 4, 0.0651, 0.9811, 0.9379
50, 140, class 5, 0.0574, 0.9877, 0.8804
50, 160, class 1, 0.0362, 0.9878, 0.9274
50, 160, class 2, 0.0517, 0.9874, 0.8927
50, 160, class 4, 0.0629, 0.9813, 0.8941
50, 160, class 5, 0.0691, 0.9793, 0.8962
50, 180, class 2, 0.0471, 0.9878, 0.9268
50, 180, class 3, 0.0808, 0.9776, 0.8937
50, 180, class 4, 0.0724, 0.9810, 0.9007
50, 180, class 5, 0.0722, 0.9810, 0.9577
50, 200, class 1, 0.0474, 0.9846, 0.9098
50, 200, class 2, 0.0503, 0.9869, 0.9477
50, 200, class 3, 0.0812, 0.9787, 0.8730
50, 200, class 4, 0.0803, 0.9809, 0.8997
50, 200, class 5, 0.0793, 0.9817, 0.9076